***material
  *integration theta_method_a 1.0 1.e-09 500
***return

***behavior gen_evp

**coefficient
masvol 8.9e-9

**elasticity isotropic
young    temperature
225381.8545   22.
224098.1196   60.
221819.9124   120.
220546.5254   150.
219169.3862   180.
216050.5046   240.
212332.6864   300.
203308.6397   410.
197857.8461   460.
186463.6414   540.
174812.0841   600.
159247.7796   660.
138287.1157   720.
115742.4711   770.
82866.79371   830.
19339.23475   940.
19339.23475   1300.

poisson  0.3

**thermal_strain isotropic
alpha     temperature
0.000009   22.
9.08279e-06   60.
9.21351e-06   120.
9.27887e-06   150.
9.34423e-06   180.
9.47495e-06   240.
9.60566e-06   300.
9.84532e-06   410.
9.95425e-06   460.
1.01285e-05   540.
1.02593e-05   600.
1.039e-05   660.
1.05207e-05   720.
1.06296e-05   770.
1.07603e-05   830.
0.000011   940.
1.17843e-05   1300.

ref_temperature 22.## T in Celsius

***return


